# Auto-generated by `cargo run -p geode-core --release \
#   --example mie_open_quasimode`.
# Do NOT edit by hand — regenerate after any intentional change.
# Consumed by `tests/sphere_matched_upml_eigenmode.rs` and the
# issue #213 acceptance record.

[meta]
description = "Matched (full Sacks) UPML quasi-mode benchmark (issue #213): frozen-ω complex eigenpencil vs. open-space Mie WGM complex roots (OPEN_SPACE_WGM_TABLE_N15)."
generated_at_commit = "6385a86388d9ea8c140a7d4589fb25bb06f5da40"
pml_kernel = "matched_full_sacks"
n_inside = 1.5
sigma_values = [5.0, 25.0]
notes = [
  "Pencil: K(Λ⁻¹(ω₀)) x = k² M(ε_r·Λ(ω₀)) x with Λ frozen at the analytic root frequency ω₀ = Re(k); one Picard refresh at the recovered Re(k) is reported per row where present.",
  "Claim to beat: ε-only UPML TM_1,1 Q ≈ 27 (results.toml) vs analytic open-space Q ≈ 1.95.",
  "TE_1,1 (analytic Q ≈ 0.72) is best-effort: that broad a resonance competes with the PML continuum; rows flagged ambiguous when the complex-distance and nearest-Re(k) matches disagree.",
  "Residual gap to the analytic root is dominated by PML truncation (thin shell at finite R_b) + discretization on the bundled 774-node fixture, not by the impedance mismatch the ε-only kernel had.",
]

[quasimode_0]
sigma_0 = 5
polarisation = "TM"
l = 1
n = 1
omega_freeze = 1.880740114400000e0
analytic_re_k = 1.880740114400000e0
analytic_im_k = -4.818059619100000e-1
analytic_q = 1.951760940176283e0
fem_re_k = 1.855252616120229e0
fem_im_k = 1.946756363563511e-1
fem_q = 4.764984080299125e0
rel_err_re_k = 1.355184487459203e-2
q_ratio = 2.441376903397171e0
ambiguous = false
picard_omega = 1.855252616120229e0
picard_re_k = 1.854361014667153e0
picard_im_k = 1.969423872667141e-1
picard_q = 4.707876857803694e0

[quasimode_1]
sigma_0 = 5
polarisation = "TE"
l = 1
n = 1
omega_freeze = 1.258959927300000e0
analytic_re_k = 1.258959927300000e0
analytic_im_k = -8.702130888300000e-1
analytic_q = 7.233630150246703e-1
fem_re_k = 1.140451314936093e0
fem_im_k = 1.756400008181423e-1
fem_q = 3.246559182486330e0
rel_err_re_k = 9.413215607113407e-2
q_ratio = 4.488146497752039e0
ambiguous = false

[quasimode_2]
sigma_0 = 25
polarisation = "TM"
l = 1
n = 1
omega_freeze = 1.880740114400000e0
analytic_re_k = 1.880740114400000e0
analytic_im_k = -4.818059619100000e-1
analytic_q = 1.951760940176283e0
fem_re_k = 1.777239126925379e0
fem_im_k = 6.791926277626759e-1
fem_q = 1.308346891793990e0
rel_err_re_k = 5.503205184074031e-2
q_ratio = 6.703417743752064e-1
ambiguous = true
picard_omega = 1.777239126925379e0
picard_re_k = 1.761158150785789e0
picard_im_k = 6.788529697183110e-1
picard_q = 1.297157285410845e0

[quasimode_3]
sigma_0 = 25
polarisation = "TE"
l = 1
n = 1
omega_freeze = 1.258959927300000e0
analytic_re_k = 1.258959927300000e0
analytic_im_k = -8.702130888300000e-1
analytic_q = 7.233630150246703e-1
fem_re_k = 1.095306555828498e0
fem_im_k = 6.104619451111298e-1
fem_q = 8.971128868885564e-1
rel_err_re_k = 1.299909297530044e-1
q_ratio = 1.240197339724316e0
ambiguous = true

