# Auto-generated by `cargo run -p geode-core --release \
#   --example mie_sphere`.
# Do NOT edit by hand — regenerate after any intentional change.
# Consumed by `tests/mie_sphere.rs` and the README cross-link.

[meta]
description = "Mie sphere benchmark (issue #4 v1, issue #40): FEM eigenmodes vs. extended analytic PEC-cavity catalog (l ∈ [1,4], TE+TM, n ∈ [1,5]) with multiplicity-claim mode classification."
generated_at_commit = "8302db02b64e50ee22968a6aef4dfe4014816161"
n_inside = 1.5
sigma_0 = 5
r_sphere = 1
r_buffer = 2
n_modes = 8
l_max = 4
n_max_radial = 5
notes = [
  "Analytic side is PEC-cavity dielectric resonator, not open-space Mie WGM.",
  "Real analytic roots only; complex open-space Mie roots are a separate axis (#33).",
  "Mode classification: walk catalog by ascending k, claim 2l+1 FEM modes per analytic root.",
  "FEM side: scalar isotropic PML, bundled 774-node refined fixture (issue #49).",
  "Driven scattering benchmark (Q_ext vs. ka) is v2 (separate scope).",
]

[mode_0]
polarisation = "TM"
l = 1
n = 1
m_idx = 0
incomplete = false
analytic_k = 1.303434130274992e0
fem_re_k = 1.091489144837993e0
fem_im_k = 9.477009875470666e-2
rel_err_re_k = 1.626050603664062e-1
q = 5.758615634996292e0

[mode_1]
polarisation = "TM"
l = 1
n = 1
m_idx = 1
incomplete = false
analytic_k = 1.303434130274992e0
fem_re_k = 1.092413144204703e0
fem_im_k = 9.447487662970028e-2
rel_err_re_k = 1.618961642701257e-1
q = 5.781500771292244e0

[mode_2]
polarisation = "TM"
l = 1
n = 1
m_idx = 2
incomplete = false
analytic_k = 1.303434130274992e0
fem_re_k = 1.094763350741001e0
fem_im_k = 9.142627346410460e-2
rel_err_re_k = 1.600930761955468e-1
q = 5.987137554998469e0

[mode_3]
polarisation = "TE"
l = 1
n = 1
m_idx = 0
incomplete = false
analytic_k = 1.889433359545106e0
fem_re_k = 1.581311175881159e0
fem_im_k = 2.616963178780038e-1
rel_err_re_k = 1.630765023319636e-1
q = 3.021271351281155e0

[mode_4]
polarisation = "TE"
l = 1
n = 1
m_idx = 1
incomplete = false
analytic_k = 1.889433359545106e0
fem_re_k = 1.581698070592163e0
fem_im_k = 2.504385831973146e-1
rel_err_re_k = 1.628717347443428e-1
q = 3.157856210490499e0

[mode_5]
polarisation = "TE"
l = 1
n = 1
m_idx = 2
incomplete = false
analytic_k = 1.889433359545106e0
fem_re_k = 1.905349147649028e0
fem_im_k = 6.604622450802705e-2
rel_err_re_k = 8.423577377586705e-3
q = 1.442436083093181e1

[mode_6]
polarisation = "TM"
l = 2
n = 1
m_idx = 0
incomplete = true
analytic_k = 1.890736585383276e0
fem_re_k = 2.005960161122818e0
fem_im_k = 4.655661285441194e-1
rel_err_re_k = 6.094110445119718e-2
q = 2.154323562364485e0

[mode_7]
polarisation = "TM"
l = 2
n = 1
m_idx = 1
incomplete = true
analytic_k = 1.890736585383276e0
fem_re_k = 2.356763989773852e0
fem_im_k = 7.185982591600933e-1
rel_err_re_k = 2.464792864290538e-1
q = 1.639834190893022e0

