# Auto-generated by `cargo run -p geode-core --release \
#   --example mie_sphere`.
# Do NOT edit by hand — regenerate after any intentional change.
# Consumed by `tests/mie_sphere.rs` and the README cross-link.

[meta]
description = "Mie sphere benchmark (issue #4 v0): FEM eigenmodes vs. analytic PEC-cavity dielectric-sphere resonance roots."
generated_at_commit = "06db02f726f5eab36cdb50d72233ec37002c9d78"
n_inside = 1.5
sigma_0 = 5
r_sphere = 1
r_buffer = 2
n_modes = 5
notes = [
  "v0: analytic side is PEC-cavity dielectric resonator, not open-space Mie WGM.",
  "v0: real analytic roots only; complex Mie roots are v1.",
  "FEM side: scalar isotropic PML, bundled 313-node fixture — coarse.",
  "Driven scattering benchmark (Q_ext vs. ka) is v1.",
]

[mode_0]
polarisation = "TM"
l = 1
n = 1
analytic_k = 1.303434130274992e0
fem_re_k = 9.767692068720364e-1
fem_im_k = 2.376316520534408e-1
rel_err_re_k = 2.506186663487455e-1
q = 2.055216968008057e0

[mode_1]
polarisation = "TM"
l = 1
n = 1
analytic_k = 1.303434130274992e0
fem_re_k = 9.976574242831773e-1
fem_im_k = 2.330815682112031e-1
rel_err_re_k = 2.345931404506827e-1
q = 2.140146541701586e0

[mode_2]
polarisation = "TM"
l = 1
n = 1
analytic_k = 1.303434130274992e0
fem_re_k = 1.007808045363144e0
fem_im_k = 2.338648142096668e-1
rel_err_re_k = 2.268055424093259e-1
q = 2.154680790201331e0

[mode_3]
polarisation = "TM"
l = 1
n = 1
analytic_k = 1.303434130274992e0
fem_re_k = 1.353507841096154e0
fem_im_k = 5.195302183921454e-1
rel_err_re_k = 3.841675590510849e-2
q = 1.302626674233716e0

[mode_4]
polarisation = "TM"
l = 1
n = 1
analytic_k = 1.303434130274992e0
fem_re_k = 1.359688666011950e0
fem_im_k = 5.200636895559044e-1
rel_err_re_k = 4.315871008003303e-2
q = 1.307232838321228e0

