# Auto-generated by `cargo run -p geode-core --release \
#   --example mie_sphere`.
# Do NOT edit by hand — regenerate after any intentional change.
# Consumed by `tests/mie_sphere.rs` and the README cross-link.

[meta]
description = "Mie sphere benchmark (issue #4 v1, issue #40): FEM eigenmodes vs. extended analytic PEC-cavity catalog (l ∈ [1,4], TE+TM, n ∈ [1,5]) with multiplicity-claim mode classification."
generated_at_commit = "c80feaa155dedeed3d050f48908ce8532928b953"
n_inside = 1.5
sigma_0 = 5
r_sphere = 1
r_buffer = 2
n_modes = 8
l_max = 4
n_max_radial = 5
notes = [
  "Analytic side is PEC-cavity dielectric resonator, not open-space Mie WGM.",
  "Real analytic roots only; complex open-space Mie roots are a separate axis (#33).",
  "Mode classification: walk catalog by ascending k, claim 2l+1 FEM modes per analytic root.",
  "FEM side: scalar isotropic PML, bundled 774-node refined fixture (issue #49).",
  "Driven scattering benchmark (Q_ext vs. ka) is v2 (separate scope).",
]

[mode_0]
polarisation = "TM"
l = 1
n = 1
m_idx = 0
incomplete = false
analytic_k = 1.303434130274992e0
fem_re_k = 1.091477858968953e0
fem_im_k = 9.488562738663581e-2
rel_err_re_k = 1.626137189313290e-1
q = 5.751544723003447e0

[mode_1]
polarisation = "TM"
l = 1
n = 1
m_idx = 1
incomplete = false
analytic_k = 1.303434130274992e0
fem_re_k = 1.092077001004836e0
fem_im_k = 9.395272248789487e-2
rel_err_re_k = 1.621540547089747e-1
q = 5.811843297811525e0

[mode_2]
polarisation = "TM"
l = 1
n = 1
m_idx = 2
incomplete = false
analytic_k = 1.303434130274992e0
fem_re_k = 1.092238341810895e0
fem_im_k = 9.464646115524726e-2
rel_err_re_k = 1.620302733821617e-1
q = 5.770096042044887e0

[mode_3]
polarisation = "TE"
l = 1
n = 1
m_idx = 0
incomplete = false
analytic_k = 1.889433359545106e0
fem_re_k = 1.579192738601756e0
fem_im_k = 2.535986480906205e-1
rel_err_re_k = 1.641977047647994e-1
q = 3.113566950162624e0

[mode_4]
polarisation = "TE"
l = 1
n = 1
m_idx = 1
incomplete = false
analytic_k = 1.889433359545106e0
fem_re_k = 1.580017136376765e0
fem_im_k = 2.523174539292092e-1
rel_err_re_k = 1.637613846528228e-1
q = 3.131010383491065e0

[mode_5]
polarisation = "TE"
l = 1
n = 1
m_idx = 2
incomplete = false
analytic_k = 1.889433359545106e0
fem_re_k = 1.581210785259691e0
fem_im_k = 2.539596380519888e-1
rel_err_re_k = 1.631296349925895e-1
q = 3.113114346414363e0

[mode_6]
polarisation = "TM"
l = 2
n = 1
m_idx = 0
incomplete = true
analytic_k = 1.890736585383276e0
fem_re_k = 1.581761609966005e0
fem_im_k = 2.554500615590684e-1
rel_err_re_k = 1.634151355645547e-1
q = 3.096029024835936e0

[mode_7]
polarisation = "TM"
l = 2
n = 1
m_idx = 1
incomplete = true
analytic_k = 1.890736585383276e0
fem_re_k = 1.584435351048642e0
fem_im_k = 2.545251024570355e-1
rel_err_re_k = 1.620010088674212e-1
q = 3.112532586675020e0

